{
  "frames": [
    {
      "file_path": "brics-sbc-001_cam0/frame_1680729257885445_00000000.jpg",
      "sharpness": 22.838445629713263,
      "transform_matrix": [
        [
          0.9902473261678032,
          -0.1390665735287859,
          -0.00840958926529233,
          -0.2135697288743064
        ],
        [
          0.04498906911220374,
          0.3763128375686405,
          -0.9253997146867395,
          -3.910562999521069
        ],
        [
          0.13185680386520995,
          0.9159962535123307,
          0.3788992568926491,
          2.263560169530757
        ],
        [
          0.0,
          0.0,
          0.0,
          1.0
        ]
      ],
      "camera_angle_x": 1.1171097141893456,
      "camera_angle_y": 0.6779143516332244,
      "fl_x": 1024.1013008801924,
      "fl_y": 1021.0912127114806,
      "is_fisheye": false,
      "cx": 617.3158194556704,
      "cy": 350.8417023988458,
      "w": 1280.0,
      "h": 720.0,
      "aabb_scale": 4
    },
    {
      "file_path": "brics-sbc-002_cam0/frame_1680729257883908_00000000.jpg",
      "sharpness": 14.190477272839015,
      "transform_matrix": [
        [
          0.4711886905670636,
          -0.33591251893553714,
          0.8155636072994005,
          3.5098264503315515
        ],
        [
          0.8806362043793415,
          0.12715714081389637,
          -0.4564109300588953,
          -1.7638343774942433
        ],
        [
          0.04960940872973571,
          0.9332705080570144,
          0.3557317323552466,
          2.278397117522523
        ],
        [
          0.0,
          0.0,
          0.0,
          1.0
        ]
      ],
      "camera_angle_x": 1.118261862082867,
      "camera_angle_y": 0.6781112706315108,
      "fl_x": 1022.7897960614214,
      "fl_y": 1020.7706996931569,
      "is_fisheye": false,
      "cx": 675.1216977914219,
      "cy": 332.7166791451797,
      "w": 1280.0,
      "h": 720.0,
      "aabb_scale": 4
    },
    {
      "file_path": "brics-sbc-003_cam0/frame_1680729257884424_00000000.jpg",
      "sharpness": 14.343244230972102,
      "transform_matrix": [
        [
          0.8422042265173837,
          0.26460837845728374,
          0.4697599886469628,
          1.5426648056887349
        ],
        [
          0.5390957976953246,
          -0.39998640657217377,
          -0.741206176084337,
          -2.665721187305856
        ],
        [
          -0.008231754545916625,
          0.8774926100239979,
          -0.4795195070258809,
          -2.042585401110053
        ],
        [
          0.0,
          0.0,
          0.0,
          1.0
        ]
      ],
      "camera_angle_x": 1.1286040205863663,
      "camera_angle_y": 0.6822146132824608,
      "fl_x": 1011.1243219536681,
      "fl_y": 1014.1324129001049,
      "is_fisheye": false,
      "cx": 642.5856680028728,
      "cy": 309.4804289543343,
      "w": 1280.0,
      "h": 720.0,
      "aabb_scale": 4
    },
    {
      "file_path": "brics-sbc-003_cam1/frame_1680729257887590_00000000.jpg",
      "sharpness": 16.869590604305262,
      "transform_matrix": [
        [
          0.9526372838679892,
          0.30178735407367197,
          0.03750464441858253,
          -0.2940342745088552
        ],
        [
          0.17061780248932512,
          -0.42830130593498805,
          -0.8873824185822824,
          -3.786663424762304
        ],
        [
          -0.25173750397233663,
          0.8517525370042747,
          -0.4595060879341376,
          -2.0590646011283553
        ],
        [
          0.0,
          0.0,
          0.0,
          1.0
        ]
      ],
      "camera_angle_x": 1.1211357202692682,
      "camera_angle_y": 0.6780976412391672,
      "fl_x": 1019.5289441306433,
      "fl_y": 1020.7928776573125,
      "is_fisheye": false,
      "cx": 655.9326805563815,
      "cy": 369.5145643394086,
      "w": 1280.0,
      "h": 720.0,
      "aabb_scale": 4
    },
    {
      "file_path": "brics-sbc-004_cam0/frame_1680729257883995_00000000.jpg",
      "sharpness": 9.568623034864586,
      "transform_matrix": [
        [
          0.4056743188627196,
          -0.2885306221231919,
          0.867282207334847,
          3.4452809059226674
        ],
        [
          0.9096687474995788,
          0.03499862706886558,
          -0.4138573014055524,
          -1.7224596329730135
        ],
        [
          0.08905681810679447,
          0.9568307981290209,
          0.27666533383937064,
          -0.060568405960643716
        ],
        [
          0.0,
          0.0,
          0.0,
          1.0
        ]
      ],
      "camera_angle_x": 1.1106517199535226,
      "camera_angle_y": 0.6725859513374489,
      "fl_x": 1031.4975360470908,
      "fl_y": 1029.8324210585579,
      "is_fisheye": false,
      "cx": 626.9615153491255,
      "cy": 363.45117315647366,
      "w": 1280.0,
      "h": 720.0,
      "aabb_scale": 4
    },
    {
      "file_path": "brics-sbc-004_cam1/frame_1680729257887810_00000000.jpg",
      "sharpness": 16.344003539657585,
      "transform_matrix": [
        [
          0.5469838964545465,
          0.26594037003496374,
          0.7937785186386699,
          3.437437978675635
        ],
        [
          0.8154994126789746,
          -0.3834888474894397,
          -0.4334708891867046,
          -1.6442493500542608
        ],
        [
          0.18912780060492113,
          0.8844275117139824,
          -0.42663643961777903,
          -2.0672305813144574
        ],
        [
          0.0,
          0.0,
          0.0,
          1.0
        ]
      ],
      "camera_angle_x": 1.126645350676833,
      "camera_angle_y": 0.6816840516386199,
      "fl_x": 1013.3189379574932,
      "fl_y": 1014.9864186672697,
      "is_fisheye": false,
      "cx": 650.1345618730526,
      "cy": 349.20954615269557,
      "w": 1280.0,
      "h": 720.0,
      "aabb_scale": 4
    },
    {
      "file_path": "brics-sbc-005_cam0/frame_1680729257882298_00000000.jpg",
      "sharpness": 22.170350132835058,
      "transform_matrix": [
        [
          0.8337987382025636,
          -0.2858603376112425,
          0.47229602115593944,
          1.6166211143923035
        ],
        [
          0.5507330562887622,
          0.3712258605215582,
          -0.7475857550754371,
          -2.8048177925492492
        ],
        [
          0.03837661946469867,
          0.8834450904843426,
          0.4669603914954131,
          2.23166085119195
        ],
        [
          0.0,
          0.0,
          0.0,
          1.0
        ]
      ],
      "camera_angle_x": 1.1210062941102925,
      "camera_angle_y": 0.6805552119965641,
      "fl_x": 1019.6754776638916,
      "fl_y": 1016.8076855898101,
      "is_fisheye": false,
      "cx": 632.0759298734152,
      "cy": 362.73271030347,
      "w": 1280.0,
      "h": 720.0,
      "aabb_scale": 4
    },
    {
      "file_path": "brics-sbc-005_cam1/frame_1680729257880612_00000000.jpg",
      "sharpness": 15.746041390859347,
      "transform_matrix": [
        [
          0.9864481709425614,
          -0.015324352123946283,
          -0.16335596200686517,
          -0.17882431188994935
        ],
        [
          -0.16071651105805904,
          0.11011285665434886,
          -0.9808391111051737,
          -3.808982664205455
        ],
        [
          0.0330183155436094,
          0.9938009474129029,
          0.10615774963635716,
          0.017259187837190323
        ],
        [
          0.0,
          0.0,
          0.0,
          1.0
        ]
      ],
      "camera_angle_x": 1.1273190690101706,
      "camera_angle_y": 0.6842671776306662,
      "fl_x": 1012.5632946239228,
      "fl_y": 1010.8405371145036,
      "is_fisheye": false,
      "cx": 645.6354018359156,
      "cy": 367.9405485957824,
      "w": 1280.0,
      "h": 720.0,
      "aabb_scale": 4
    },
    {
      "file_path": "brics-sbc-006_cam0/frame_1680729257881543_00000000.jpg",
      "sharpness": 25.210886501113293,
      "transform_matrix": [
        [
          0.027754829901277728,
          -0.4205749268268138,
          0.9068331712001405,
          3.91734745519194
        ],
        [
          0.9983577902560907,
          0.057142682874440534,
          -0.004054186691687792,
          -0.3137649035568396
        ],
        [
          -0.050113791050714056,
          0.9054564841923113,
          0.42147024002721767,
          2.305778984219788
        ],
        [
          0.0,
          0.0,
          0.0,
          1.0
        ]
      ],
      "camera_angle_x": 1.1154175619504414,
      "camera_angle_y": 0.6766201982471786,
      "fl_x": 1026.03188918941,
      "fl_y": 1023.2020898109429,
      "is_fisheye": false,
      "cx": 685.2887511907267,
      "cy": 351.4005569036169,
      "w": 1280.0,
      "h": 720.0,
      "aabb_scale": 4
    },
    {
      "file_path": "brics-sbc-007_cam0/frame_1680729257886109_00000000.jpg",
      "sharpness": 24.861716576168863,
      "transform_matrix": [
        [
          -0.7070110781491796,
          -0.4318391612042859,
          0.5600448859438374,
          1.7096276779291217
        ],
        [
          0.7021201968204344,
          -0.3338500259443869,
          0.6289446632213449,
          3.521258563750454
        ],
        [
          -0.08463193610704646,
          0.8378896699874605,
          0.539238663642597,
          2.434613497133655
        ],
        [
          0.0,
          0.0,
          0.0,
          1.0
        ]
      ],
      "camera_angle_x": 1.1256739923199623,
      "camera_angle_y": 0.684221434162915,
      "fl_x": 1014.4098347163871,
      "fl_y": 1010.9136931520519,
      "is_fisheye": false,
      "cx": 634.8223769934281,
      "cy": 364.73394002942786,
      "w": 1280.0,
      "h": 720.0,
      "aabb_scale": 4
    },
    {
      "file_path": "brics-sbc-007_cam1/frame_1680729257881597_00000000.jpg",
      "sharpness": 20.269702066981946,
      "transform_matrix": [
        [
          -0.5669203070015194,
          -0.2973153349154685,
          0.7682479789628722,
          2.817201873215551
        ],
        [
          0.8027747278101849,
          -0.4086192239208833,
          0.4342615182495716,
          1.5431932621621094
        ],
        [
          0.18480828420332468,
          0.8629217354476373,
          0.47033177293250894,
          2.377860006978928
        ],
        [
          0.0,
          0.0,
          0.0,
          1.0
        ]
      ],
      "camera_angle_x": 1.1041860416738614,
      "camera_angle_y": 0.6690909761032183,
      "fl_x": 1038.9800966559287,
      "fl_y": 1035.6386207244138,
      "is_fisheye": false,
      "cx": 607.2647016077813,
      "cy": 390.31172902426124,
      "w": 1280.0,
      "h": 720.0,
      "aabb_scale": 4
    },
    {
      "file_path": "brics-sbc-008_cam0/frame_1680729257881511_00000000.jpg",
      "sharpness": 16.28418491723331,
      "transform_matrix": [
        [
          -0.004794124315812415,
          0.39530758011100586,
          0.9185362995145905,
          3.853508913298946
        ],
        [
          0.9985443374063847,
          -0.04745575031928061,
          0.025635093058591366,
          -0.1678662380791956
        ],
        [
          0.05372357589187249,
          0.9173221184054792,
          -0.39450463688713483,
          -2.064230289428901
        ],
        [
          0.0,
          0.0,
          0.0,
          1.0
        ]
      ],
      "camera_angle_x": 1.126445223034451,
      "camera_angle_y": 0.6832376398826717,
      "fl_x": 1013.5435566712141,
      "fl_y": 1012.4893208708,
      "is_fisheye": false,
      "cx": 620.6327249422384,
      "cy": 325.97908130523757,
      "w": 1280.0,
      "h": 720.0,
      "aabb_scale": 4
    },
    {
      "file_path": "brics-sbc-008_cam1/frame_1680729257882053_00000000.jpg",
      "sharpness": 22.406464321517948,
      "transform_matrix": [
        [
          -0.5036654762837687,
          0.46060462699626914,
          0.7308655592081242,
          2.7150150024789457
        ],
        [
          0.8618240139850097,
          0.20929646919501593,
          0.46201120863254985,
          1.6884004302759692
        ],
        [
          0.05983691942178976,
          0.8625765853644974,
          -0.5023755343396117,
          -1.9185113114909518
        ],
        [
          0.0,
          0.0,
          0.0,
          1.0
        ]
      ],
      "camera_angle_x": 1.1149338483172033,
      "camera_angle_y": 0.6742098636257816,
      "fl_x": 1026.5847242509521,
      "fl_y": 1027.154325613383,
      "is_fisheye": false,
      "cx": 614.786804548515,
      "cy": 336.3872387884615,
      "w": 1280.0,
      "h": 720.0,
      "aabb_scale": 4
    },
    {
      "file_path": "brics-sbc-009_cam0/frame_1680729257882470_00000000.jpg",
      "sharpness": 23.60786778906246,
      "transform_matrix": [
        [
          -0.7998113320916035,
          0.39623706206859777,
          0.45088582118784026,
          1.650542177015039
        ],
        [
          0.5632234779922782,
          0.23565812425481558,
          0.7919877286371472,
          3.57641187567605
        ],
        [
          0.20755998391534622,
          0.8873902406283003,
          -0.4116520544861705,
          -1.873292557364135
        ],
        [
          0.0,
          0.0,
          0.0,
          1.0
        ]
      ],
      "camera_angle_x": 1.1308895100487883,
      "camera_angle_y": 0.6854180174641361,
      "fl_x": 1008.5720866070565,
      "fl_y": 1009.0031232018719,
      "is_fisheye": false,
      "cx": 631.5056519783911,
      "cy": 326.22288856135447,
      "w": 1280.0,
      "h": 720.0,
      "aabb_scale": 4
    },
    {
      "file_path": "brics-sbc-009_cam1/frame_1680729257881215_00000000.jpg",
      "sharpness": 30.904924043613008,
      "transform_matrix": [
        [
          -0.898681528215977,
          -0.0548066286689845,
          0.43516404302799233,
          1.7286049194487416
        ],
        [
          0.43856073211418967,
          -0.12585828412605482,
          0.8898450295220821,
          3.455615585657435
        ],
        [
          0.005999593662901426,
          0.9905331523064229,
          0.137142550310824,
          0.22582342143868644
        ],
        [
          0.0,
          0.0,
          0.0,
          1.0
        ]
      ],
      "camera_angle_x": 1.1215826085331644,
      "camera_angle_y": 0.682248884600789,
      "fl_x": 1019.0232189452619,
      "fl_y": 1014.0772927846376,
      "is_fisheye": false,
      "cx": 634.5567484268823,
      "cy": 324.2881791197293,
      "w": 1280.0,
      "h": 720.0,
      "aabb_scale": 4
    },
    {
      "file_path": "brics-sbc-010_cam0/frame_1680729257884878_00000000.jpg",
      "sharpness": 16.68441548890949,
      "transform_matrix": [
        [
          -0.5115639905770742,
          -0.08982989137189448,
          0.8545366429873588,
          2.72079558453123
        ],
        [
          0.8549678511512067,
          -0.15232479545024635,
          0.495809570490297,
          1.5993709320857967
        ],
        [
          0.0856285994895006,
          0.9842396798311897,
          0.1547255494197396,
          0.13611177408031017
        ],
        [
          0.0,
          0.0,
          0.0,
          1.0
        ]
      ],
      "camera_angle_x": 1.1067184465174034,
      "camera_angle_y": 0.668787752173271,
      "fl_x": 1036.0400818274481,
      "fl_y": 1036.1451192013474,
      "is_fisheye": false,
      "cx": 661.6006232199089,
      "cy": 353.62850504407817,
      "w": 1280.0,
      "h": 720.0,
      "aabb_scale": 4
    },
    {
      "file_path": "brics-sbc-010_cam1/frame_1680729257889318_00000000.jpg",
      "sharpness": 14.494618052612113,
      "transform_matrix": [
        [
          0.048944550057567454,
          -0.03324462023937452,
          0.9982480785315513,
          3.8396360021936022
        ],
        [
          0.9935125296353646,
          -0.10109703708184796,
          -0.05207919499814029,
          -0.19779493246080498
        ],
        [
          0.1026512760722732,
          0.9943209664720679,
          0.028080797758663845,
          0.10078442900855511
        ],
        [
          0.0,
          0.0,
          0.0,
          1.0
        ]
      ],
      "camera_angle_x": 1.1193432717380232,
      "camera_angle_y": 0.6789939321912772,
      "fl_x": 1021.561008588857,
      "fl_y": 1019.3362414693255,
      "is_fisheye": false,
      "cx": 653.7550912393986,
      "cy": 352.4362863548111,
      "w": 1280.0,
      "h": 720.0,
      "aabb_scale": 4
    },
    {
      "file_path": "brics-sbc-011_cam0/frame_1680729257884936_00000000.jpg",
      "sharpness": 35.60327680375842,
      "transform_matrix": [
        [
          -0.9750860945852408,
          0.22106277714534828,
          -0.01839447619317014,
          0.31345805574369423
        ],
        [
          -0.09670309148294462,
          -0.3489863347184451,
          0.932125018588317,
          3.8310321533035716
        ],
        [
          0.19963872443007247,
          0.910680946754566,
          0.3616691761459868,
          2.5326745983924903
        ],
        [
          0.0,
          0.0,
          0.0,
          1.0
        ]
      ],
      "camera_angle_x": 1.1166465508685408,
      "camera_angle_y": 0.6769112754378681,
      "fl_x": 1024.6292072434092,
      "fl_y": 1022.7266410753853,
      "is_fisheye": false,
      "cx": 646.6464593474296,
      "cy": 324.9068425250112,
      "w": 1280.0,
      "h": 720.0,
      "aabb_scale": 4
    },
    {
      "file_path": "brics-sbc-012_cam0/frame_1680729257884702_00000000.jpg",
      "sharpness": 30.01487623871225,
      "transform_matrix": [
        [
          -0.7044640323731565,
          0.4318066156657709,
          -0.56327033812101,
          -3.5231385624970084
        ],
        [
          -0.7096095643375095,
          -0.41332179319193385,
          0.5706306699382513,
          1.6355780561190183
        ],
        [
          0.013590192177125121,
          0.8016908019787885,
          0.5975844415203361,
          2.435564008663548
        ],
        [
          0.0,
          0.0,
          0.0,
          1.0
        ]
      ],
      "camera_angle_x": 1.118060587668185,
      "camera_angle_y": 0.6786395412551579,
      "fl_x": 1023.0187351928628,
      "fl_y": 1019.9117492262262,
      "is_fisheye": false,
      "cx": 651.23415556209,
      "cy": 318.2679796234785,
      "w": 1280.0,
      "h": 720.0,
      "aabb_scale": 4
    },
    {
      "file_path": "brics-sbc-012_cam1/frame_1680729257882411_00000000.jpg",
      "sharpness": 25.44531179466247,
      "transform_matrix": [
        [
          -0.8275280729826571,
          0.40760275592217615,
          -0.3860793724577749,
          -1.5557408007302227
        ],
        [
          -0.5552974586096078,
          -0.4929236785633745,
          0.6698290674299721,
          2.764170013264641
        ],
        [
          0.08271650939191222,
          0.7686912517454898,
          0.6342489563349284,
          2.4005547933804956
        ],
        [
          0.0,
          0.0,
          0.0,
          1.0
        ]
      ],
      "camera_angle_x": 1.1220371305247663,
      "camera_angle_y": 0.6798481592309115,
      "fl_x": 1018.5092239680228,
      "fl_y": 1017.9514032027264,
      "is_fisheye": false,
      "cx": 641.6904920702002,
      "cy": 352.54003794911773,
      "w": 1280.0,
      "h": 720.0,
      "aabb_scale": 4
    },
    {
      "file_path": "brics-sbc-013_cam0/frame_1680729257881334_00000000.jpg",
      "sharpness": 28.503689519829223,
      "transform_matrix": [
        [
          -0.7339179181177482,
          -0.28166181642972865,
          -0.6180866530498353,
          -1.5226613252134134
        ],
        [
          -0.6708547901602895,
          0.4431066363601267,
          0.594651460381165,
          2.942127059801459
        ],
        [
          0.10638768733845158,
          0.8510717537412464,
          -0.514158078818714,
          -1.7519231723484276
        ],
        [
          0.0,
          0.0,
          0.0,
          1.0
        ]
      ],
      "camera_angle_x": 1.1264874058040293,
      "camera_angle_y": 0.6811693593830941,
      "fl_x": 1013.4962057692445,
      "fl_y": 1015.8161022781491,
      "is_fisheye": false,
      "cx": 676.1048334764394,
      "cy": 358.6123091011201,
      "w": 1280.0,
      "h": 720.0,
      "aabb_scale": 4
    },
    {
      "file_path": "brics-sbc-013_cam1/frame_1680729257885253_00000000.jpg",
      "sharpness": 27.323597005009365,
      "transform_matrix": [
        [
          -0.9827373731051761,
          -0.17846906619541816,
          -0.04874472238925262,
          0.24457585285734074
        ],
        [
          -0.11295159769112167,
          0.37011799363059744,
          0.922092515624505,
          3.96777183898006
        ],
        [
          -0.14652369135849871,
          0.911680570837646,
          -0.38388715096470677,
          -1.82913360792211
        ],
        [
          0.0,
          0.0,
          0.0,
          1.0
        ]
      ],
      "camera_angle_x": 1.1086803244879575,
      "camera_angle_y": 0.6689496942803664,
      "fl_x": 1033.7706973369234,
      "fl_y": 1035.8745597403608,
      "is_fisheye": false,
      "cx": 664.6797500375689,
      "cy": 358.8024357606654,
      "w": 1280.0,
      "h": 720.0,
      "aabb_scale": 4
    },
    {
      "file_path": "brics-sbc-014_cam0/frame_1680729257881284_00000000.jpg",
      "sharpness": 19.496053414991163,
      "transform_matrix": [
        [
          -0.48670453894035026,
          -0.18195924968433844,
          -0.8544059475894962,
          -3.4715805528309622
        ],
        [
          -0.8599962656804614,
          0.2715298828288634,
          0.4320624326963042,
          1.8475996135581223
        ],
        [
          0.1533789907670505,
          0.9450726714010443,
          -0.288639101665299,
          -1.8606789385132914
        ],
        [
          0.0,
          0.0,
          0.0,
          1.0
        ]
      ],
      "camera_angle_x": 1.1297909221596152,
      "camera_angle_y": 0.6850502636299697,
      "fl_x": 1009.7977450353098,
      "fl_y": 1009.589628816171,
      "is_fisheye": false,
      "cx": 645.8191428394363,
      "cy": 327.4132236085669,
      "w": 1280.0,
      "h": 720.0,
      "aabb_scale": 4
    },
    {
      "file_path": "brics-sbc-014_cam1/frame_1680729257884153_00000000.jpg",
      "sharpness": 23.18706594980027,
      "transform_matrix": [
        [
          -0.4515937316825336,
          0.10957019787108763,
          -0.8854701989850743,
          -3.4148717700893347
        ],
        [
          -0.8916390790155537,
          -0.09134212978138369,
          0.44343699451008867,
          1.7503330688507264
        ],
        [
          -0.0322932546014115,
          0.9897731998356685,
          0.13894660356513366,
          0.26193455772451557
        ],
        [
          0.0,
          0.0,
          0.0,
          1.0
        ]
      ],
      "camera_angle_x": 1.11528328641831,
      "camera_angle_y": 0.6766475484911817,
      "fl_x": 1026.185309354908,
      "fl_y": 1023.1573988744944,
      "is_fisheye": false,
      "cx": 633.4883754980358,
      "cy": 337.49638642204394,
      "w": 1280.0,
      "h": 720.0,
      "aabb_scale": 4
    },
    {
      "file_path": "brics-sbc-015_cam0/frame_1680729257882714_00000000.jpg",
      "sharpness": 33.54496773551541,
      "transform_matrix": [
        [
          -0.9898771685430182,
          0.10682243061506907,
          0.09344602485861778,
          0.22484838576283397
        ],
        [
          0.08694459808092023,
          -0.06398889494059934,
          0.9941559526501222,
          3.8656053552057865
        ],
        [
          0.1121776631398203,
          0.9922169065730823,
          0.05405351284614314,
          0.3069527900629228
        ],
        [
          0.0,
          0.0,
          0.0,
          1.0
        ]
      ],
      "camera_angle_x": 1.120786771907257,
      "camera_angle_y": 0.6800113871436008,
      "fl_x": 1019.9240851155553,
      "fl_y": 1017.6871653052993,
      "is_fisheye": false,
      "cx": 672.1923006043777,
      "cy": 308.7938803889053,
      "w": 1280.0,
      "h": 720.0,
      "aabb_scale": 4
    },
    {
      "file_path": "brics-sbc-015_cam1/frame_1680729257886875_00000000.jpg",
      "sharpness": 26.031959611676065,
      "transform_matrix": [
        [
          -0.8038664541139492,
          0.056150340689366696,
          -0.5921535807861549,
          -1.4962803346587281
        ],
        [
          -0.5907973989937609,
          -0.19081230172823477,
          0.7839318202830033,
          2.782197045725348
        ],
        [
          -0.06897214894029652,
          0.9800192879712946,
          0.18656108362348858,
          0.23749066883929626
        ],
        [
          0.0,
          0.0,
          0.0,
          1.0
        ]
      ],
      "camera_angle_x": 1.1262730400568495,
      "camera_angle_y": 0.6828374669249927,
      "fl_x": 1013.7368679091328,
      "fl_y": 1013.1314788708581,
      "is_fisheye": false,
      "cx": 633.5377699478698,
      "cy": 357.26398978400834,
      "w": 1280.0,
      "h": 720.0,
      "aabb_scale": 4
    },
    {
      "file_path": "brics-sbc-016_cam0/frame_1680729257885327_00000000.jpg",
      "sharpness": 26.478218490219124,
      "transform_matrix": [
        [
          -0.020667386542175883,
          0.38389757906653216,
          -0.9231443592242243,
          -3.8120864190161785
        ],
        [
          -0.999786294541029,
          -0.007498382362238057,
          0.019264981461522515,
          0.22420704894693916
        ],
        [
          0.00047369036283358146,
          0.9233452350538331,
          0.3839705100249211,
          2.49590627728764
        ],
        [
          0.0,
          0.0,
          0.0,
          1.0
        ]
      ],
      "camera_angle_x": 1.1279655216793014,
      "camera_angle_y": 0.6850490180084651,
      "fl_x": 1011.838989321168,
      "fl_y": 1009.5916164011645,
      "is_fisheye": false,
      "cx": 674.4523247440137,
      "cy": 345.3885231908223,
      "w": 1280.0,
      "h": 720.0,
      "aabb_scale": 4
    },
    {
      "file_path": "brics-sbc-017_cam0/frame_1680729257883109_00000000.jpg",
      "sharpness": 19.83914029177442,
      "transform_matrix": [
        [
          0.5115266407792856,
          0.5375262653798253,
          -0.6703775129335775,
          -2.765441960746886
        ],
        [
          -0.8585804640437233,
          0.28854627637632496,
          -0.42376955194145954,
          -1.6212293087119805
        ],
        [
          -0.034352329513369265,
          0.7923424515081464,
          0.6091086578296532,
          2.311789849300713
        ],
        [
          0.0,
          0.0,
          0.0,
          1.0
        ]
      ],
      "camera_angle_x": 1.132185304344353,
      "camera_angle_y": 0.6877366676123123,
      "fl_x": 1007.1291361068096,
      "fl_y": 1005.3191402137423,
      "is_fisheye": false,
      "cx": 676.5949196418566,
      "cy": 329.69487309886114,
      "w": 1280.0,
      "h": 720.0,
      "aabb_scale": 4
    },
    {
      "file_path": "brics-sbc-017_cam1/frame_1680729257881914_00000000.jpg",
      "sharpness": 21.243336246489292,
      "transform_matrix": [
        [
          0.7485904144507871,
          0.4205467500384057,
          -0.5125942083867756,
          -1.6366265477279545
        ],
        [
          -0.6388366182556932,
          0.25053913880755396,
          -0.7274049182553294,
          -3.576098953738748
        ],
        [
          -0.17748286280726833,
          0.8719922998535602,
          0.4562118613690478,
          2.2992324771770742
        ],
        [
          0.0,
          0.0,
          0.0,
          1.0
        ]
      ],
      "camera_angle_x": 1.1222055686536934,
      "camera_angle_y": 0.6800414588007858,
      "fl_x": 1018.318840570137,
      "fl_y": 1017.6384977680846,
      "is_fisheye": false,
      "cx": 653.9654197413603,
      "cy": 358.4029571688575,
      "w": 1280.0,
      "h": 720.0,
      "aabb_scale": 4
    },
    {
      "file_path": "brics-sbc-018_cam0/frame_1680729257881041_00000000.jpg",
      "sharpness": 18.205846231049662,
      "transform_matrix": [
        [
          0.4643035754033481,
          -0.4462539712845617,
          -0.7650356743496061,
          -2.7895220923871307
        ],
        [
          -0.884703490519507,
          -0.2741561408118238,
          -0.37701212754845304,
          -1.5102671707593558
        ],
        [
          -0.0414960689221205,
          0.851877810260212,
          -0.5220941224513573,
          -1.9210165553754797
        ],
        [
          0.0,
          0.0,
          0.0,
          1.0
        ]
      ],
      "camera_angle_x": 1.1207924182844997,
      "camera_angle_y": 0.6786598246730674,
      "fl_x": 1019.9176895407355,
      "fl_y": 1019.8787946905084,
      "is_fisheye": false,
      "cx": 660.4663769726843,
      "cy": 328.20585001311923,
      "w": 1280.0,
      "h": 720.0,
      "aabb_scale": 4
    },
    {
      "file_path": "brics-sbc-018_cam1/frame_1680729257884570_00000000.jpg",
      "sharpness": 19.37494073146184,
      "transform_matrix": [
        [
          -0.01460093775455118,
          -0.40060117927902816,
          -0.9161361841036907,
          -3.8619350381616586
        ],
        [
          -0.9976782582264871,
          -0.05511752416471938,
          0.04000189486709109,
          0.356950812277639
        ],
        [
          -0.06651996452266137,
          0.9145932176318493,
          -0.3988663192470636,
          -1.8541704604813394
        ],
        [
          0.0,
          0.0,
          0.0,
          1.0
        ]
      ],
      "camera_angle_x": 1.1331039692389338,
      "camera_angle_y": 0.6901088653223081,
      "fl_x": 1006.1079247372871,
      "fl_y": 1001.5746830212269,
      "is_fisheye": false,
      "cx": 671.7316809575715,
      "cy": 325.32295795857226,
      "w": 1280.0,
      "h": 720.0,
      "aabb_scale": 4
    },
    {
      "file_path": "brics-sbc-019_cam0/frame_1680729257883570_00000000.jpg",
      "sharpness": 18.750340678575313,
      "transform_matrix": [
        [
          0.8206397727204613,
          -0.28774868662741765,
          -0.49371151173599115,
          -1.6927785529143469
        ],
        [
          -0.5714332732190743,
          -0.4074871187920762,
          -0.7123329714940275,
          -3.3817587157122917
        ],
        [
          0.003791795557032712,
          0.8666919530053843,
          -0.4988293104160402,
          -1.9797356836853799
        ],
        [
          0.0,
          0.0,
          0.0,
          1.0
        ]
      ],
      "camera_angle_x": 1.1169606337593807,
      "camera_angle_y": 0.6762015473137427,
      "fl_x": 1024.27117773294,
      "fl_y": 1023.8866090522577,
      "is_fisheye": false,
      "cx": 623.0245532584221,
      "cy": 376.27460074583416,
      "w": 1280.0,
      "h": 720.0,
      "aabb_scale": 4
    },
    {
      "file_path": "brics-sbc-019_cam1/frame_1680729257888423_00000000.jpg",
      "sharpness": 15.818137548936441,
      "transform_matrix": [
        [
          0.8981534189975184,
          0.04325825232155128,
          -0.4375490367904899,
          -1.725121173552483
        ],
        [
          -0.4389836235705569,
          0.14429943320580643,
          -0.886832031342007,
          -3.397797295484322
        ],
        [
          0.024775274229987765,
          0.9885880826864342,
          0.14859269364664304,
          0.047926513732871434
        ],
        [
          0.0,
          0.0,
          0.0,
          1.0
        ]
      ],
      "camera_angle_x": 1.1111683597939932,
      "camera_angle_y": 0.6748242360665239,
      "fl_x": 1030.9030071223167,
      "fl_y": 1026.1443582004536,
      "is_fisheye": false,
      "cx": 654.796193396756,
      "cy": 341.80246539551877,
      "w": 1280.0,
      "h": 720.0,
      "aabb_scale": 4
    },
    {
      "file_path": "brics-sbc-020_cam0/frame_1680729257880676_00000000.jpg",
      "sharpness": 18.392068141682934,
      "transform_matrix": [
        [
          0.48467722232886695,
          0.12428807692888344,
          -0.8658178007733647,
          -2.7104539146996003
        ],
        [
          -0.8742878615066009,
          0.03871063105408027,
          -0.48386178012574327,
          -1.533500562706639
        ],
        [
          -0.02662189670542202,
          0.9914907770749398,
          0.12742571812281062,
          0.15168147852825
        ],
        [
          0.0,
          0.0,
          0.0,
          1.0
        ]
      ],
      "camera_angle_x": 1.10964845728405,
      "camera_angle_y": 0.6725461993525823,
      "fl_x": 1032.6534667883118,
      "fl_y": 1029.8981345396555,
      "is_fisheye": false,
      "cx": 632.9478607731071,
      "cy": 352.9941278616513,
      "w": 1280.0,
      "h": 720.0,
      "aabb_scale": 4
    },
    {
      "file_path": "brics-sbc-020_cam1/frame_1680729257882776_00000000.jpg",
      "sharpness": 14.731435365912356,
      "transform_matrix": [
        [
          -0.1226361187840917,
          0.1073805737464843,
          -0.986625458215316,
          -3.8027023031809764
        ],
        [
          -0.992423960039461,
          -0.020701708993495806,
          0.1211037686663271,
          0.22865368998439192
        ],
        [
          -0.007420640959296204,
          0.9940024404771564,
          0.1091058314719554,
          0.24542472440791804
        ],
        [
          0.0,
          0.0,
          0.0,
          1.0
        ]
      ],
      "camera_angle_x": 1.1304264637959838,
      "camera_angle_y": 0.6867377730652932,
      "fl_x": 1009.0884332646978,
      "fl_y": 1006.903302693975,
      "is_fisheye": false,
      "cx": 624.335311868437,
      "cy": 354.09328713394956,
      "w": 1280.0,
      "h": 720.0,
      "aabb_scale": 4
    },
    {
      "file_path": "brics-sbc-021_cam0/frame_1680729257882643_00000000.jpg",
      "sharpness": 23.04220168575711,
      "transform_matrix": [
        [
          0.5383722363019985,
          0.7316158425035365,
          -0.41820281470138043,
          -1.8063573389499146
        ],
        [
          -0.8423980780107102,
          0.48066821555327177,
          -0.243564251731527,
          -1.15640333714792
        ],
        [
          0.0228213354475635,
          0.4834214782110373,
          0.8750902016938719,
          3.428136066919193
        ],
        [
          0.0,
          0.0,
          0.0,
          1.0
        ]
      ],
      "camera_angle_x": 1.1118835018400657,
      "camera_angle_y": 0.6734001786421416,
      "fl_x": 1030.0808655654346,
      "fl_y": 1028.488074748984,
      "is_fisheye": false,
      "cx": 682.7492249425331,
      "cy": 338.6240447248035,
      "w": 1280.0,
      "h": 720.0,
      "aabb_scale": 4
    },
    {
      "file_path": "brics-sbc-021_cam1/frame_1680729257880864_00000000.jpg",
      "sharpness": 26.500795299434685,
      "transform_matrix": [
        [
          -0.27146225007004676,
          0.7638575604650508,
          -0.5855167582182599,
          -2.910502098088867
        ],
        [
          -0.9621694265650271,
          -0.23005085870426112,
          0.14596779437191773,
          0.7434897184501271
        ],
        [
          -0.02320002969844863,
          0.6029910693970397,
          0.797410514664424,
          3.531612860383883
        ],
        [
          0.0,
          0.0,
          0.0,
          1.0
        ]
      ],
      "camera_angle_x": 1.1108353993514015,
      "camera_angle_y": 0.6728148244450641,
      "fl_x": 1031.2861082766503,
      "fl_y": 1029.4542192671317,
      "is_fisheye": false,
      "cx": 672.7392721992125,
      "cy": 331.3610988306872,
      "w": 1280.0,
      "h": 720.0,
      "aabb_scale": 4
    },
    {
      "file_path": "brics-sbc-022_cam0/frame_1680729257886028_00000000.jpg",
      "sharpness": 33.082285154549886,
      "transform_matrix": [
        [
          -0.9593820678842078,
          -0.22735261553917388,
          0.16702345966016224,
          0.8643289240472363
        ],
        [
          0.28210978121084423,
          -0.7738906061118832,
          0.5670162265030833,
          2.8912316777994556
        ],
        [
          0.00034526428267778186,
          0.591104151568235,
          0.8065951666352509,
          3.4958629628128888
        ],
        [
          0.0,
          0.0,
          0.0,
          1.0
        ]
      ],
      "camera_angle_x": 1.1199652509798619,
      "camera_angle_y": 0.6791497313005,
      "fl_x": 1020.8552244764455,
      "fl_y": 1019.0834165904898,
      "is_fisheye": false,
      "cx": 617.4066114933955,
      "cy": 363.01159401163267,
      "w": 1280.0,
      "h": 720.0,
      "aabb_scale": 4
    },
    {
      "file_path": "brics-sbc-022_cam1/frame_1680729257889378_00000000.jpg",
      "sharpness": 21.718146730577217,
      "transform_matrix": [
        [
          -0.8799959193568264,
          0.3920512077585172,
          -0.2681474080753976,
          -0.9753328470710819
        ],
        [
          -0.4729837970969948,
          -0.7750167367645864,
          0.4190887560163411,
          1.7623335414891803
        ],
        [
          -0.04351447622425575,
          0.4956257743959279,
          0.8674454346881663,
          3.500356141209328
        ],
        [
          0.0,
          0.0,
          0.0,
          1.0
        ]
      ],
      "camera_angle_x": 1.1182719419479306,
      "camera_angle_y": 0.6771671573930164,
      "fl_x": 1022.7783326778456,
      "fl_y": 1022.3090052395548,
      "is_fisheye": false,
      "cx": 659.9151541736641,
      "cy": 343.5406488006127,
      "w": 1280.0,
      "h": 720.0,
      "aabb_scale": 4
    },
    {
      "file_path": "brics-sbc-023_cam0/frame_1680729257881421_00000000.jpg",
      "sharpness": 20.877276344351134,
      "transform_matrix": [
        [
          0.9601091914844222,
          0.25875600759977746,
          -0.10599843869267847,
          -0.756054809106852
        ],
        [
          -0.2667853904797377,
          0.7341065102857508,
          -0.6244302899311458,
          -3.050743599372633
        ],
        [
          -0.08376094492253444,
          0.6278000956610446,
          0.7738547305803872,
          3.386825161867952
        ],
        [
          0.0,
          0.0,
          0.0,
          1.0
        ]
      ],
      "camera_angle_x": 1.1135052500890066,
      "camera_angle_y": 0.6737717586929439,
      "fl_x": 1028.219972746827,
      "fl_y": 1027.8756087338684,
      "is_fisheye": false,
      "cx": 674.8725918791126,
      "cy": 387.30570492360556,
      "w": 1280.0,
      "h": 720.0,
      "aabb_scale": 4
    },
    {
      "file_path": "brics-sbc-024_cam0/frame_1680729257888837_00000000.jpg",
      "sharpness": 21.040300725070352,
      "transform_matrix": [
        [
          0.06441600013722487,
          -0.7692811377719722,
          0.635654867079387,
          3.0417288559924507
        ],
        [
          0.9907843466759954,
          -0.026752570175568556,
          -0.13278056473620783,
          -0.9006041503588603
        ],
        [
          0.11915098535325794,
          0.6383500850669357,
          0.7604684159334691,
          3.3871950989248596
        ],
        [
          0.0,
          0.0,
          0.0,
          1.0
        ]
      ],
      "camera_angle_x": 1.1094845105798399,
      "camera_angle_y": 0.6717541504022791,
      "fl_x": 1032.8425394049755,
      "fl_y": 1031.2090198941748,
      "is_fisheye": false,
      "cx": 678.6870116704509,
      "cy": 341.2492674797918,
      "w": 1280.0,
